178.477 -199.919 150.829
160.339 -161.664 149.914
168.896 -188.780 142.733
181.782 -181.319 149.366
189.554 -200.950 145.091
133.434 -129.220 124.439
124.652 -114.203 100.717
138.614 -114.937 104.733
142.344 -139.156 130.926
127.045 -104.216 100.978
130.477 -107.920 122.113
62.695 -158.468 140.217
23.769 -193.324 122.452
3.147 -191.259 114.579
36.023 -190.306 112.359
-1.991 -206.001 96.488
-9.466 -199.890 98.142
10.523 -204.463 100.600
100.389 -160.046 151.693
112.126 -151.156 150.553
86.985 -140.991 129.085
170.230 -149.806 128.262
195.765 -149.492 117.682
195.860 -133.739 81.027
9.967 -251.161 112.796
30.607 -155.070 116.903
9.377 -264.646 121.276
44.219 -273.880 126.280
42.473 -285.114 125.054
42.443 -285.201 124.825
42.475 -285.143 125.016
116.724 -152.916 139.931
48.236 -268.685 129.914
29.516 -267.223 137.228
142.426 -169.501 154.066
150.526 -156.652 156.357
142.229 -178.969 155.981
104.400 -110.410 87.131
121.861 -112.343 86.693
117.713 -118.849 82.687
165.722 -128.195 114.734
147.137 -183.082 150.119
130.340 -166.723 145.869
147.237 -173.032 147.517
155.176 -157.986 151.109
134.317 -157.088 152.907
180.627 -171.902 115.562
180.629 -172.068 115.263
56.641 -196.545 145.376
58.336 -196.819 147.615
53.395 -191.267 151.994
56.898 -193.660 145.836