0.673 -0.579 0.325 -0.326
0.544 -0.659 0.190 -0.484
0.590 -0.658 0.288 -0.368
0.621 -0.620 0.294 -0.379
0.627 -0.623 0.358 -0.302
0.394 -0.655 0.005 -0.645
0.300 -0.658 -0.099 -0.683
0.320 -0.660 -0.064 -0.677
0.371 -0.658 0.071 -0.651
-0.219 0.621 0.111 0.744
-0.271 0.548 0.068 0.788
0.703 -0.617 -0.258 -0.240
0.717 -0.467 -0.425 -0.297
0.716 -0.402 -0.477 -0.314
0.684 -0.506 -0.408 -0.331
0.676 -0.360 -0.535 -0.357
0.686 -0.346 -0.538 -0.347
0.662 -0.419 -0.507 -0.360
0.721 -0.653 -0.162 0.164
0.701 -0.663 -0.128 0.231
0.560 -0.646 -0.146 -0.498
0.353 -0.682 0.174 -0.616
-0.035 0.562 -0.134 0.815
0.058 0.649 -0.038 0.758
0.748 -0.315 -0.561 -0.166
0.588 -0.454 -0.317 -0.589
0.761 -0.287 -0.566 -0.133
0.845 -0.226 -0.482 -0.047
0.839 -0.193 -0.508 -0.019
0.839 -0.193 -0.508 -0.019
0.839 -0.193 -0.508 -0.019
0.518 -0.602 0.032 -0.607
0.849 -0.250 -0.463 -0.047
0.848 -0.235 -0.472 -0.053
0.741 -0.654 0.076 -0.134
0.726 -0.657 0.106 -0.176
0.720 -0.648 0.102 -0.228
-0.323 0.618 0.212 0.685
-0.259 0.666 0.153 0.682
-0.250 0.665 0.158 0.685
0.279 -0.678 0.060 -0.677
0.625 -0.598 0.202 -0.459
0.651 -0.662 0.074 -0.364
0.670 -0.653 0.147 -0.322
0.680 -0.650 0.145 -0.308
0.729 -0.672 0.033 -0.124
-0.054 0.607 -0.191 0.770
-0.054 0.607 -0.191 0.769
0.791 -0.495 -0.293 -0.211
0.793 -0.501 -0.280 -0.206
0.796 -0.494 -0.284 -0.203
0.766 -0.529 -0.294 -0.216